  255152  271847  288274  278440  247536  273574  216653  232450  269511  251084  245478  258716  250959  275909  290181  261165  278771  243874  242206  255764  247320  244180  230821  223642  265047  240028  268465  237771  221785  239889  231036  217943  260400  274613  269656  275098  226046  258582  241559  230781  261067  263034  266703  271206  235046  245092  248628  233722  256808  246690  207145  240269  225814  250673  266024  237486  255758  252955  218567  240974  253907  207323  257336  241332  232948  244676  273956  230031  243531  248893  253563  237622  258953  268296  266606  241242  273259  255749  243580  246339  253907  237181  265465  284573  254030  238137  245923  250337  257553  287690  289581  247425  248861  252770  232270  282927  251935  258951  242269  253749

  245980  270814  288783  248921  247493  269984  246959  242079  267337  271408  230021  283747  257526  284573  310530  270347  255649  253024  256868  267211  239010  241594  237825  231845  261213  258084  257158  253396  220041  245061  241608  228228  257787  288599  263835  281811  232619  247005  245342  240367  292151  272807  262702  270430  242476  256952  272450  235831  248866  241920  236670  247570  224963  268204  278699  283473  260594  267294  234307  242660  265291  212029  264011  240412  237148  236555  272717  233943  241096  255846  265981  229468  254486  268024  267016  244923  268738  280275  248489  243177  251757  231217  259852  255617  258052  234531  260384  263163  257167  285038  282936  237344  266777  273425  252867  265830  269174  264316  224630  256423

  223416  240730  271413  244808  244803  254734  221192  222167  247239  228434  228333  253483  245714  259508  287101  256962  258724  224280  240883  246279  237997  227973  221697  212521  240166  237138  222820  234790  217911  244503  199972  214481  238846  252627  260807  270971  218740  243880  210432  227438  269491  259095  244449  254894  224781  243230  261102  214222  243422  219615  219873  241805  216049  236073  262056  256569  256872  252356  220901  222085  246556  207362  234066  240706  197991  216989  255892  216354  228724  222210  239287  217893  238482  253102  261831  221490  261272  257909  220638  241156  236987  211612  235823  242289  233298  236133  246722  233750  227354  257504  268758  215822  254931  262018  215939  253624  258280  245986  219407  223363

  231048  267515  275896  263286  242491  266989  229050  241264  252716  245760  223083  265932  262413  281536  287926  272880  260310  255679  254114  253444  248761  217784  226827  226511  265461  241473  239128  242121  217140  257748  224604  232273  260410  268815  263345  268790  236827  247273  230998  241236  283412  262284  263886  255686  230640  235887  262350  248595  245186  262694  210445  234781  229693  264352  281862  252231  257351  255424  221436  226112  253359  197207  243923  244585  242359  237195  271072  217377  243584  230015  260629  226054  248278  255537  263729  243836  265251  260357  255455  246526  239010  221022  248188  252883  253328  229404  255036  254314  248783  280069  273386  234327  255175  265766  227618  282722  256481  252128  231529  257950

  233734  251259  250603  232893  224070  235905  225118  224071  236158  242071  204222  244922  224471  252201  268991  242617  241896  234726  213159  224755  231525  224778  215921  208981  237897  224494  236252  236903  208437  240966  198135  219952  225696  243800  236200  277972  207299  232657  222034  207452  252588  229387  247021  234311  233645  221322  239926  226724  233766  218770  198543  214685  198368  244280  245174  225206  246392  242427  210651  221608  243763  196102  230322  218170  212123  216703  255531  212663  219577  222405  249240  207484  238146  242992  249258  219260  241774  237547  228241  222452  225025  202544  241041  234845  232004  222094  234414  238296  236497  267191  246397  227175  231432  237439  219011  258597  247072  241095  204623  220119

  236575  274851  288021  254486  249629  267895  227882  241556  258343  256772  232715  253585  258499  264348  290952  275091  270284  241475  256797  263296  253572  225806  255680  228298  255035  238671  261570  241250  225037  242130  198091  222753  267963  287286  248935  264258  241273  253125  242220  238487  277362  261885  256677  255212  242272  241309  265878  242691  243588  242457  225243  244799  233473  269644  272823  238276  262426  249717  236982  242277  258812  202491  251635  249003  221197  251887  260056  232511  250246  249865  266782  227693  261771  259243  248875  233740  261739  265314  248012  250593  249547  228823  263953  270131  249290  238569  257688  249367  232461  275413  296803  232667  268236  253736  230923  284579  256888  251700  250854  238221

  243009  270265  300958  250053  248893  272148  244036  243574  266829  254691  237047  257563  256271  290177  294140  277083  258609  241164  267443  262590  246250  238049  259434  233243  262789  256064  265818  238048  207609  239865  229411  223783  258829  277975  264710  269116  236230  249031  254275  235999  269575  259593  261500  260515  224650  244017  270535  227592  257824  241961  205769  241428  232279  255425  272849  256488  251252  272313  226125  234914  257584  222116  269770  262480  236644  254113  251500  237329  254936  235712  252538  246405  262224  254332  265843  227448  276066  260207  241998  257524  258403  247737  262623  262663  257309  238039  264155  264518  246656  279862  295684  257770  247741  271048  236095  279412  267807  268902  245555  253469

  245655  274581  296137  266384  246648  276763  238669  245069  263892  263984  246002  258857  257032  280083  304041  277108  283190  253999  261959  256064  251688  238529  254707  231618  265932  255614  271459  252872  218571  258335  227475  229876  267047  287059  266470  283585  223157  266215  246409  251421  282657  261244  263704  264984  226666  238201  275532  229851  267201  241049  222109  255782  232862  269893  292696  245081  268201  274511  244225  251165  266927  219648  259284  259414  248530  258265  274422  227210  241447  240717  255260  240743  270672  263876  276087  239456  272130  260622  259082  253283  260067  239240  263202  284228  278271  239656  259715  254110  256516  276249  304142  236451  265832  287919  235557  275955  270849  265866  256196  265410

  244660  271214  294735  247575  255650  281538  246750  235693  279889  248245  258053  279962  269205  275875  311850  274164  269002  267696  251205  242159  243299  247321  241373  222350  268324  260531  254344  253102  216054  236064  220718  241702  255558  290023  255602  279129  243075  248588  235324  238712  268692  271046  272317  263194  247061  241694  262812  238856  245315  239816  228345  253353  236097  271365  283498  257219  250533  269198  246299  252167  281473  213290  246198  259210  222914  239347  283251  231026  239928  250543  274407  236061  272383  253532  268040  237437  267942  259661  241173  249186  261916  226362  269782  259858  251019  247380  249087  257697  248583  277019  298076  239164  263634  274032  230026  267908  265775  265221  245152  258469

  230305  270389  272840  255517  246436  254303  233261  226469  244048  244134  238224  259346  243084  270586  305339  258485  259382  226327  239684  239426  232270  213804  237805  227679  224900  241934  237051  240547  226861  244753  204853  224441  262348  255790  250242  260780  223865  259659  222380  231788  280877  255161  243170  264634  227663  236256  247671  219010  243637  253005  219839  236609  232308  239972  264461  228031  262853  269398  236046  242247  245871  196409  234915  259436  227331  229917  248585  216971  237006  224948  265983  208631  248733  246984  242989  238782  253273  238630  227819  215683  242751  217400  264585  249360  261172  238714  229019  242975  234533  248577  261039  237997  249823  264270  226279  273369  243396  245468  236223  243205

  261602  286823  318387  278579  269099  296877  256509  254296  288880  264452  254892  294819  298848  301885  334637  271362  286967  272652  269284  280568  286229  274307  258823  271333  300001  286207  288128  266031  249744  266723  231049  256555  272477  312053  286378  298724  255210  282624  248742  263392  298494  289327  281226  293611  274772  260960  281388  241766  268009  256651  229917  266474  261307  278111  304005  272816  277696  304993  240300  273098  271952  246383  268175  267521  265820  261272  306309  223675  264070  273467  288736  248070  288524  271356  288471  265703  298449  272749  273307  257060  289117  238474  292089  285673  293014  261991  281905  280115  263849  283215  295789  279815  273137  292709  247306  293349  277376  293183  259890  278190

  217237  244203  267211  224255  235769  267657  217059  213639  236299  238087  217589  247228  236404  246466  265341  246530  240952  225086  228240  241051  223581  216064  210255  196008  236953  217890  241507  223622  200185  237186  216959  208603  229064  270042  257283  259756  218713  228179  239654  220324  250015  238413  238786  243505  217801  218393  248877  212234  220054  230149  202563  218024  196710  248431  253212  212856  228385  241885  198042  203057  240512  193872  217356  231857  217656  224276  242836  214327  215367  233840  258316  209148  217185  228219  248965  223180  250961  234264  225239  235656  241139  221525  233104  237695  237326  215633  229179  241607  227548  252008  263765  223304  238780  244825  216530  256240  235925  236221  223776  219780

  210101  229490  248319  223128  216381  235907  220254  184544  246269  221156  204441  216283  235731  248062  260270  234989  229031  208452  211978  217743  203269  204144  207934  218752  233449  224004  215705  219629  177306  218376  193932  196398  227225  230087  236186  243842  198528  231883  214131  207572  236419  225218  226098  222118  204056  208922  222974  216123  223285  206608  190198  211661  189618  235965  247620  207182  242366  244149  207435  204063  229547  201082  219104  220621  209472  208588  257525  204901  209654  210243  217729  220310  226382  215267  244652  192640  244701  203358  220477  209873  211924  208039  215353  229916  229776  214668  225191  228188  221971  241469  234871  211892  230914  235995  203032  228302  233845  236564  205725  226465

  209846  235649  266846  236838  228405  251961  193314  223807  232694  239847  210193  234916  234133  255675  271266  227297  245399  209161  231515  235433  227123  212077  199266  204653  227643  222192  225585  233283  204315  231382  196763  218933  237379  262507  259687  260268  219819  217300  221044  230884  264443  235400  234894  250802  200688  215998  260069  192425  241951  212920  211253  243838  213427  223578  257587  234397  247004  237311  213466  224017  238445  196969  211698  231107  207026  216946  246068  198129  218868  227724  238324  212564  225345  229780  252414  214137  242264  244489  222486  234294  238392  206801  224140  258134  242579  212566  242986  237480  223116  235881  255755  203909  248516  255379  201436  243453  224387  226047  226863  230927

  228328  243258  238154  231903  223429  232567  201031  213844  239956  234649  197174  233088  237578  246415  261433  241496  245517  194132  232898  219612  229169  204102  195869  210505  231401  216065  229372  212317  213636  233430  193219  192954  238300  259083  230387  254305  215090  227653  212623  222123  243063  224807  222095  237644  207954  219345  222658  215451  226295  200496  190053  227409  207323  218442  247891  217281  236529  227525  198963  228392  205232  188473  210860  211010  197571  228817  237652  202851  202575  214003  211435  198757  226066  233467  234984  216018  229447  216827  223588  221890  226381  199419  225187  224946  240789  202811  228071  228687  217074  252673  259792  212655  224753  219326  195358  237198  230407  227467  201749  215930

  243983  258200  276183  248088  245733  261761  218450  218885  251061  229968  221182  245071  242749  271359  290230  246970  244330  221585  239164  233399  243834  221797  219350  228504  261225  237967  246797  232132  227439  253992  211095  223738  250552  258115  234241  260725  208760  239815  228503  224287  262821  242536  243315  249042  219295  228583  225670  211826  246716  218389  227132  233752  216593  245751  268686  231674  253251  246070  215493  220988  226524  205736  217100  229886  244869  232559  241986  209442  223120  235028  248194  197117  242430  246936  245988  225821  259912  243948  234756  219626  240333  210174  247417  248654  251034  225554  244684  233507  242015  260686  264709  236181  255571  251171  208684  264956  245000  243678  218965  236110

  255386  270106  276417  250635  238973  258937  228127  235503  277826  258718  241780  256273  264521  276642  284324  259026  254515  255641  239474  243590  241107  233478  236651  246689  273449  249147  259348  242887  217055  235036  230295  225026  248887  299153  265104  263353  234722  251861  242077  242298  264435  247396  265682  266611  219323  236282  247647  237774  255827  225007  209719  247141  243662  266124  271079  259135  267457  259359  244993  251789  246978  218341  254543  256160  234772  241942  277011  224207  229660  247401  239126  243219  265290  254568  272761  229840  265087  249427  244724  228942  250958  227737  265067  262964  271051  226184  250800  263511  253598  274681  293192  242515  251483  284976  251124  265271  245936  263243  251291  258282

  238525  260837  260886  232078  216680  249850  229673  215478  252277  233986  246990  248181  245016  263865  276726  264600  236455  235545  225323  235023  227957  215224  223224  219662  243036  245680  232293  235901  207045  232233  222151  214296  239882  247341  243939  231645  219315  231689  229647  229290  262217  239139  240311  246054  213476  208235  244334  210079  220855  241344  211888  218819  218884  241327  253150  242432  239187  250694  225184  225831  242646  194397  237018  237493  224625  232847  242657  216168  245483  221547  239859  215777  239478  234234  239284  209152  242708  230397  226874  212999  228540  208758  254391  242459  239897  232970  234847  239469  230985  253077  268175  222926  231319  255566  237173  247166  248430  236937  225592  238571

  237416  250466  264545  255829  246599  245197  213090  215279  271741  236700  206320  252439  249508  270019  274330  245645  242970  238312  229556  241627  228552  218637  226730  222511  257975  258529  236402  229818  210839  241351  204740  220608  235281  267039  238902  258987  223068  229042  233630  244869  240725  243554  247226  223011  209520  236260  237869  242781  247097  230421  217592  217105  217067  231458  260126  252800  243851  238456  219600  232516  225590  185817  217710  235513  228220  236215  265415  227823  218566  222092  237119  215456  239011  237612  249845  213748  228367  234419  248729  253273  241327  194059  242619  233569  252012  219568  233865  233142  230687  266000  260189  225235  226271  262827  215518  254273  256006  255536  223935  241116

  229064  272255  275412  261274  234539  267582  227569  227677  259740  239084  232272  258603  260167  266468  285594  263003  257947  242528  243411  237838  234334  231731  220474  231944  265692  237717  235912  239215  220359  251028  211005  231653  246043  272325  256276  251371  226722  243173  234823  240176  267075  250804  253388  247197  220971  224807  260136  223295  236031  254728  206718  218486  233926  262416  258462  242829  264483  247669  240064  244303  251603  208266  243198  248484  219243  234630  255006  227234  241914  240009  251491  234009  250354  253912  254347  224726  260189  253566  253149  239856  238127  215645  256940  256803  256895  233185  239260  236983  230738  267973  270468  233978  254649  268948  234689  262735  262190  260023  238417  242809

  249986  277607  298953  288866  255981  288122  235096  251101  283223  283221  258770  275185  278376  286058  333376  274585  265115  251603  269087  263791  267043  241764  253528  258345  284283  267760  254584  277563  226173  269554  240363  248335  278054  299023  282286  291186  252706  258016  249777  254997  282682  272820  269304  272279  250060  250061  273645  247948  270486  260034  239492  240137  242468  267284  284524  276128  279378  286575  243440  250893  259252  226788  261741  264341  241218  248059  282277  236297  263101  259510  265678  242049  270511  255909  274699  231004  296663  267297  249340  254933  275955  226448  278130  285384  277488  250367  258148  272872  261168  283049  293885  245916  252279  286558  250268  295674  275857  273664  235875  256998

  246809  265357  292624  268404  240459  281343  232194  233738  273644  250479  234798  272491  243450  290078  292719  268946  256748  240584  259770  249577  231543  228369  251029  229218  258095  241273  251526  250535  241684  231511  213977  226635  270316  286561  266937  279646  248944  263141  246024  253697  288166  258291  252540  256544  236915  256770  255282  244809  256100  260124  203280  222542  235628  243694  271867  244022  270020  264213  247086  256327  265588  211724  239107  242046  237815  239609  282970  234226  234334  248821  257872  229838  263953  241044  273656  246153  267463  246902  241557  256758  243536  230955  257614  264414  266823  230858  247506  260698  237576  282417  278238  251489  255191  267361  218930  260963  264904  256361  248253  256949

  215607  241446  254887  233188  240813  254002  207825  201360  233874  240677  211468  229401  235502  248160  258358  235268  244271  207400  227315  217087  219387  216605  218026  235646  240649  231304  221353  229761  213988  229944  189886  216654  235286  261354  254711  250961  216740  233009  219200  233574  269865  218548  242169  254095  210292  211089  229631  203723  230072  203979  212739  225959  217424  236392  252006  221483  251267  247118  214386  229990  222518  199814  212161  244962  212842  242713  240981  204756  207029  201724  240718  199275  239427  226483  244681  208476  229326  225112  217036  218303  225497  198182  238690  245590  252344  209064  246773  233060  225837  222214  251286  213650  232493  256825  232102  242622  234708  258408  226913  236743

  232703  263686  282322  255893  244937  262110  240797  234782  267292  256847  236082  261069  253833  278298  303828  273939  255552  233764  265041  240512  260696  228427  232247  229054  266272  237493  249823  248311  224858  263958  212366  232221  256927  288830  259418  285509  232871  262482  243003  235271  285568  260848  253800  256232  224565  236596  264172  228427  249804  226826  202087  253141  228720  250329  287671  255759  270713  265966  240431  237596  252537  214060  247255  239895  231432  232540  268345  212610  245252  238691  252971  233156  253843  247543  272934  232972  271606  253943  243903  235083  259204  234105  252092  259465  260508  232985  244857  255994  247233  267118  280327  230629  256241  266124  215811  272898  256753  268580  226254  244363

  226104  224747  261254  236585  219200  244889  208015  205146  238721  223005  214195  226334  220566  252557  268010  233014  222007  223057  221629  213888  218773  202202  205895  194666  234956  203635  220925  202560  188581  227046  186320  206132  231964  249090  210699  240166  208149  220556  224415  210004  247290  230853  215633  213470  211178  221939  227262  209994  213164  231400  187110  207238  201068  219490  245193  228172  240385  231232  207793  200545  226003  177664  216892  204283  223335  216054  241925  186590  206937  208094  228222  188054  235636  227020  226229  203200  245667  213921  220625  215966  220495  191663  226900  222503  225333  209936  212659  225425  218079  233367  236482  225097  216671  213812  198765  237271  234060  226863  203887  221978

  258748  276344  300091  266879  255759  285365  242401  245806  281313  269135  232688  265966  252170  288467  315704  276470  271585  253381  253757  268793  262110  232332  261459  239727  262432  261435  267427  263640  238497  273484  234685  243267  282273  292310  279783  285945  255192  259214  250781  252594  292438  280493  280583  274774  244339  250799  265477  249569  270853  265188  229910  257545  239400  266303  278330  253184  260385  282968  245609  261409  275799  226437  258099  271985  245514  240098  261255  230770  262486  247496  301743  236211  253916  252031  269476  253643  272712  274608  241990  249456  274422  241376  267576  256678  274030  240166  255580  276648  259270  286040  285157  262536  263598  281361  231868  290043  277142  268204  246050  269529

  226095  259082  261639  238808  232439  244453  219141  221161  230831  232691  215847  241828  234929  267795  269162  261522  248059  211354  234717  234137  216631  199259  208234  219021  237529  225795  231706  233478  213716  226331  209006  203188  227142  256724  250417  257225  225878  217897  230720  216944  248060  229191  229178  247302  212955  222350  243494  209970  249999  234753  190694  225277  218289  238489  245598  232990  238636  238260  202676  228653  235724  187847  224735  229980  220129  217788  253291  217522  220333  219277  235908  214859  230055  231076  237878  220072  236882  233717  224516  232585  234065  215111  241670  248246  251203  207622  234313  243249  229049  236782  260228  220191  238151  259900  205412  241154  240309  242174  229084  227589

  239577  293206  270142  277437  251920  278394  236130  238201  286226  265676  247941  270336  271756  276842  301318  264332  274950  257074  248328  248169  260197  251061  240174  236108  271182  238031  250389  266616  227633  258830  240354  252567  267711  282402  267011  272917  238900  246150  235327  237775  274744  250355  275166  266658  235710  242462  270188  238800  256497  239810  229916  228001  240655  267183  283611  254081  275990  269473  245760  246300  265262  214413  248559  253805  234733  232086  283809  237275  243049  243988  256431  237902  266840  254951  275729  231580  275809  253796  265775  264957  258460  226527  262416  287528  269073  243588  246783  264482  254207  289742  295431  230860  263294  277866  250851  272533  259689  271386  230086  242924

  214412  234679  242497  227358  208417  238134  198820  200475  233319  216652  198264  226376  239498  244421  239497  232728  232158  199143  218289  221590  232046  203896  199062  205458  226409  214515  218861  229223  203978  220945  188879  204214  219641  242512  240846  254564  204610  207260  218992  203497  230179  225496  221630  229768  210230  213065  226197  196027  213410  213198  186172  205632  203116  230682  241849  219023  240700  229364  203448  214438  211633  178905  211351  221031  194570  204604  224067  198013  202840  217002  226951  195121  219633  216510  249427  207810  227386  231501  213735  227174  218741  205941  223750  221792  222335  204032  214702  218274  233905  245158  258014  203831  217144  240580  190980  236712  237790  224731  213022  213840

  241080  254034  283149  243387  240533  265619  235580  228448  265647  259674  204176  253902  252982  262535  286394  248970  246383  229327  242904  244191  256509  241051  225937  219129  258982  232363  256957  228752  209413  248688  212590  230825  261911  288228  258058  272255  227757  244883  240370  237113  254294  265753  253334  238011  226259  241950  247580  222387  230936  241537  205296  221959  219928  249842  266088  251780  251499  251389  239621  231099  258614  193433  251689  234813  233519  235348  267202  211409  216445  244364  258081  228263  248197  240618  258493  231378  251279  246335  244089  239869  249370  220184  237622  251899  263979  233249  239831  256264  235528  272766  273499  243361  236615  262933  222390  266390  255956  255052  226359  230993

  212945  255967  265358  238629  218758  245580  233109  214446  247990  212151  221914  243407  249787  255559  269547  245820  273005  225029  218786  237800  218509  217321  204563  230274  261629  241088  238159  225698  196475  232941  212989  206137  226181  248602  245443  239126  211339  234946  228301  211079  244709  238504  250588  242760  216057  223196  236330  222589  241589  212215  205596  235536  216170  244300  241449  239646  243423  243778  214864  223488  230354  188927  223725  244299  222124  231418  253803  223715  222908  220787  224079  221875  228267  243826  249564  229429  241415  234790  231674  216276  230195  199837  232010  249550  244391  221156  240669  238485  233992  262447  256006  229684  233310  254299  211113  257724  236251  239668  239198  241912

  220903  234146  271649  239914  229219  237943  213551  210013  229079  243017  214900  230262  218659  247802  272880  237399  235449  228153  231564  224288  227888  222537  215764  204990  247204  219381  224961  212462  207482  219076  192876  196604  247530  249681  235368  253384  204568  223960  214363  213648  264099  235049  240400  239019  223949  221064  233536  222951  217565  209571  198938  212799  212713  226249  271866  231678  243382  249883  210559  206012  228547  192835  212837  223342  212968  224743  247358  200723  211642  223201  248968  205460  253365  226249  251276  200935  240987  234848  229766  240915  226628  201781  223133  229335  228493  214839  231696  235714  220974  248305  246012  218336  229817  242317  217147  244642  238857  241601  213776  228415

  233065  265154  276843  240659  233346  249333  240910  222362  243108  247649  234421  266477  260000  269067  287584  259823  266070  244075  243991  248105  234458  214511  213433  238162  261529  245952  245044  235954  221688  234983  208942  216983  248009  254814  241048  258152  206873  243442  221218  224810  265733  251366  248989  243159  237225  223297  255288  230116  231090  236653  211931  237058  232092  235815  265088  249275  269409  270724  235389  230944  243220  218401  235928  253399  223373  228620  266406  201709  238014  229949  240710  225700  256124  240023  251058  223433  243150  244780  246521  235142  252163  232294  245262  246015  260710  235257  241645  244304  244401  266556  258491  235794  259364  262089  233698  261860  246760  236959  232468  246061

  256100  279096  297532  250263  240476  274996  233889  240745  269523  273567  242980  290036  263226  274397  299483  276822  277248  248380  248755  266558  252776  236021  250361  237272  267474  268175  264844  257259  236383  257805  225978  234570  272161  282507  272311  289694  240762  253004  260656  237568  281431  277397  267576  282864  252618  260492  267259  239680  255657  261334  241006  246092  238394  257933  282182  263090  275650  268893  249089  260341  262530  216143  241809  256315  249022  249852  283392  238794  239300  257628  262733  223179  268830  266859  276325  242041  271316  266022  244872  249374  279095  226645  269199  262747  278494  230195  258576  273867  249501  288713  292136  229340  250535  270731  249607  270309  277929  256643  247420  267203

  236651  263990  274465  274985  245433  266498  228635  235919  244081  252174  225099  256378  266798  268001  286266  269831  277095  235316  251015  268020  235002  219627  216575  236410  267436  248286  249387  238487  215443  259598  209963  225797  231594  283037  262118  259045  229309  258841  247683  244562  271888  252788  248976  249903  234828  249881  264157  236588  264202  236873  222165  240067  229217  254789  268202  249946  266532  256762  217431  234900  238957  200485  234939  252162  237003  246754  292431  230182  238414  228410  238671  218659  256631  250822  263250  234311  265653  248342  252567  257784  249119  228204  271662  258465  264688  234635  254114  247934  237377  269229  272184  240213  256033  271210  250783  265040  260717  261107  230532  248226

  230643  219531  248787  252332  233871  248186  195483  195898  235968  211146  204128  228232  222259  242178  253759  220732  231250  224309  217183  223782  211448  217376  205892  197498  230105  223842  216609  221160  184757  234327  206591  207004  226797  248754  241125  252907  192246  228608  217626  203887  239017  230100  223334  236497  201551  211928  231349  201391  222890  204622  209627  201194  190858  222729  248462  219100  234747  235248  199698  211201  213957  188557  214258  216351  216122  201539  243454  203672  206253  199086  222425  194519  221263  233582  245440  207686  243381  222305  207661  213857  217862  207511  230555  221088  225871  203447  228727  212703  228416  241739  247229  227372  228253  242668  215069  240639  238710  239101  213886  222422

  246504  252293  293288  262978  253231  260319  239764  231535  288438  273251  224522  260822  268157  284293  300156  254622  254860  248256  254134  253050  250720  255822  219735  235544  268335  247446  258380  253101  211280  256587  231468  237411  259247  278723  278429  282542  229293  249517  240471  235248  274203  250256  265568  258804  238096  238731  263065  259412  256237  224791  219097  248517  216247  266536  289497  246863  263920  272095  228048  232699  251696  216342  251987  244104  230746  237814  288697  213985  231365  245488  274281  238716  250463  258495  281108  246150  275387  257970  236920  260284  258071  236809  245756  257378  259310  238918  262673  249528  252616  282884  279734  247729  247818  270420  214138  272708  266174  267152  234296  243624

  232142  282101  299476  269497  265137  282820  232728  218594  275537  264374  255582  285859  265397  277357  306970  264573  264789  247189  261127  245455  259163  250358  231777  237721  262189  252998  250342  264892  232522  249780  236259  233232  259278  282003  275793  286053  246304  244771  242642  238197  285829  263231  267963  278075  239645  255161  255081  216224  239169  237729  222108  256190  236701  250234  277568  269966  277671  274600  241367  262430  268695  206147  247655  264915  237904  241509  255604  221590  241511  236323  256155  219765  270754  262172  278874  245617  275986  253835  235473  245978  254636  242474  259680  266198  263040  243924  247294  252060  258071  266691  281204  241343  256546  284035  239295  261771  262309  265654  243498  243627

  235337  234303  253513  246217  217317  243805  211592  212978  256567  238063  210501  234289  228098  255114  264916  228196  242284  218091  239147  224454  224618  204553  205358  229947  220708  222988  219779  221631  200277  227644  208077  207640  238775  249721  247013  251893  208322  232404  214352  228655  242961  224035  228562  236016  190185  218392  223129  212035  233299  228708  181966  220668  225787  230041  246065  229905  254547  226251  218100  232122  230302  175014  217296  231537  204985  188049  244992  197557  218696  214262  222961  227132  242895  224494  238283  213082  237059  227294  229163  219029  229453  195196  236944  236935  220831  219331  221060  226238  214126  246503  255440  231303  223854  225232  206453  244713  223011  235177  208891  222570

  213021  235602  252099  234703  233800  238912  212510  204409  232964  228457  206958  229464  217475  233492  259983  242431  230203  221211  225737  225850  212727  210709  223905  198912  224478  227870  232438  217139  191115  221312  193555  209538  235493  244854  227862  246938  210307  235024  228715  210241  249242  240275  238116  235936  209337  214126  226540  209822  225595  212901  194693  203409  198952  227602  238019  220442  223668  241481  206345  212093  233125  180156  225443  216196  214788  218539  245224  212686  216543  213382  234354  207184  222424  213274  231318  208072  239814  220498  221262  217397  228208  201791  220308  235446  223897  217816  216837  226409  218064  240043  244600  210499  229445  230619  198216  237996  237851  232513  203819  218103

  194693  227002  221947  218501  206825  215507  204072  194690  221518  208993  202392  214854  212727  218048  233842  218808  228336  200931  192528  190863  214276  192185  199947  194435  222016  200894  224320  200139  177652  211403  186275  193942  213685  229143  222563  224397  193715  211357  190950  199995  215838  205385  230470  217540  197868  192779  206977  191529  205995  207997  170165  193299  196225  218760  230390  208736  225249  221044  199289  212135  196018  176401  206402  212106  209281  190982  233709  190348  181166  189249  208496  177231  220896  223944  211502  198670  221651  211407  210274  208821  205957  179535  219933  228943  211367  201191  200292  199757  210895  224954  229166  194239  201672  223173  200493  228303  210795  211847  200749  215368

  246041  267500  311367  247371  257655  275491  222002  226396  258954  255067  249680  258911  266821  277679  306125  271648  265626  240624  243966  252147  245096  252331  243927  232454  265809  252317  264145  225148  232495  254316  212496  226911  276193  282434  262290  275944  248437  248803  244197  243425  274924  270613  255116  259479  247418  243818  255929  228812  246749  255912  217335  267100  250627  258772  264661  252814  264969  249420  245547  256851  255650  205222  235190  254032  234179  256879  263044  217211  250722  263938  277306  224542  273578  265177  248002  244755  268893  257959  235875  222014  267941  212365  245019  256505  257286  228211  238357  259309  251233  258703  279468  242354  259541  275223  205483  286194  263550  267646  268130  257115

  236603  262236  295960  256967  260542  276387  242618  238573  278864  257826  234010  271416  253230  278501  297146  257766  261066  245165  253118  253415  237962  256192  247506  224805  269123  245362  265379  252491  222413  254761  236947  229889  250481  291566  272632  280630  248340  259914  261274  248647  281645  258436  267432  258341  229929  251989  264263  233961  255140  248931  215067  238577  234873  259852  263973  254619  262864  272514  225358  247857  265454  212188  255508  248071  239003  265029  267695  228125  251557  241874  265048  240333  248774  266215  265531  251875  260123  245237  244636  249923  246976  213385  238181  270819  274196  238744  245526  271806  258190  280608  279191  256799  249769  269938  220058  274967  262883  260992  236966  255226

  239310  259036  274156  234719  228378  255006  211481  211281  248281  249543  236144  232239  259845  248937  279512  252641  237764  228884  221291  238123  237469  218210  215006  225592  245670  236000  242558  239337  219220  244324  228477  214922  256305  275293  244665  265408  213564  230241  224598  240611  267861  236703  239232  248716  218941  229144  241761  220984  237929  232061  213751  215246  213777  244305  271334  226241  263479  249906  231088  218368  242961  190654  242886  253557  221072  233429  242874  214383  222924  224569  247792  218118  239517  223503  258390  213713  252961  230607  236009  221595  253692  205802  239543  253544  253216  229645  233201  244330  229463  251766  258462  223045  245218  252935  216278  264863  256512  239421  211530  250286

  218447  259308  275118  255624  227278  270209  226228  219988  258487  251388  223186  254596  235252  273791  292137  274530  249813  233375  239732  239384  242504  212601  231378  227727  253151  236303  251192  257977  219715  245830  214588  230436  259038  267799  243409  260712  236037  238642  225958  223458  262068  249370  246625  249288  231767  225513  254741  233777  243431  239896  213426  228387  215193  252517  271946  249046  244682  272934  225008  226091  251289  213032  231236  252498  224606  216286  256024  226817  237172  240093  256493  218125  240310  241855  262598  228329  248142  242693  229739  233100  248987  213269  237775  245563  254836  229411  241347  247444  245001  267911  261880  217442  247966  257176  212751  260843  272205  255678  226596  243133

  220209  251617  269851  224773  234081  254642  232505  217673  235822  225174  232142  232234  238339  245533  264979  264332  259158  218610  224032  230635  211737  223007  220868  211533  256039  235290  231213  226010  202631  226167  218555  206032  246362  258724  243468  258753  218882  242229  217644  219520  256352  238870  242014  251885  221591  217424  226931  221770  219114  233913  198180  246061  227367  227140  259156  237213  243090  245490  216782  213080  253653  191608  214060  227865  231925  233655  245582  210466  239271  220567  253617  212831  253483  237206  256296  220516  250001  236683  219814  223966  238101  212122  238766  252369  248975  229823  230132  249488  245411  239050  264690  214527  231154  245228  211913  259176  252197  242192  209587  252178

  246406  262910  283415  245764  251561  256019  218047  232955  260711  247479  232809  241827  270576  269977  296337  248097  269893  234339  240360  251516  259096  227552  219328  219649  253874  237398  257156  250340  221250  258120  208687  220761  253551  287340  254703  264040  220284  232360  219586  245270  270038  255526  248702  263102  229024  237870  251856  216107  256557  225780  226353  248168  237189  259174  277211  231448  250560  248332  233543  233983  254557  202153  237823  239023  226050  221006  273488  216857  239067  243296  257265  232875  248397  263051  248933  237298  254343  262224  245302  247463  251972  206632  248393  263795  259543  228982  239597  237807  232121  268406  280403  228509  256525  259523  220679  271775  247618  247124  216583  250027

  262308  299166  289344  274257  266599  286726  256876  241391  277662  271082  237083  263914  269880  301265  305650  293886  288365  262363  254204  252643  254402  255498  242664  248981  287397  265181  275029  258831  233625  268561  220675  251924  275600  302134  279644  288816  252104  276137  247617  261678  281798  267267  281199  271924  259283  242238  270025  258452  252240  259269  221784  240892  255195  270328  274435  252137  278284  276265  250786  265242  277527  229056  254105  258788  239555  255760  282268  246666  262022  263087  276173  241508  277157  262215  275574  234766  263742  260798  276378  261258  267703  242655  276416  285858  276286  258314  262417  267895  267303  297668  298083  263793  280182  273852  259935  289163  273052  292073  254490  266674

  257443  290067  291674  287394  262966  278585  232655  241128  281694  264474  260803  272032  272601  282794  312401  265598  283857  278041  242467  260684  257449  243584  244528  236230  277175  267410  260245  278492  242439  266802  236596  230941  271185  296419  274362  274251  230029  256138  251739  242707  285255  260064  279692  278511  243396  256801  265840  256967  271300  253356  235665  243057  238458  261869  288368  251179  274766  268980  238670  262507  269158  232163  253679  268469  244148  258849  293411  244104  250350  241492  264273  246185  271242  271725  292709  241307  265530  261279  252268  259053  279273  237299  276370  282695  270323  258171  243435  265022  267234  303338  296571  243427  269990  287783  256445  285190  270184  277319  228909  277478

  242752  258076  270193  263130  227826  262632  211769  216550  253324  247604  223508  245955  261445  265559  275969  249409  245911  228012  246203  237329  241651  224091  214864  239310  258418  243238  232683  239356  222478  247873  216979  232714  246582  263393  261922  269387  219245  241262  236859  238775  264989  246930  238540  246054  233420  226023  237890  234268  238009  229982  225660  211925  219260  242969  256305  250617  253511  259804  229287  225070  231629  198758  237038  250660  221088  238952  254025  223080  222412  222238  237241  203766  221704  229074  251292  218253  242693  227493  250877  243179  249141  213255  245860  232324  255202  215313  241018  243584  234810  259424  259409  234958  240583  255760  233790  262782  255782  256730  232284  240321

  198945  241861  242638  223558  206346  220835  186280  199223  234441  225865  202852  223969  224538  241814  253292  227525  234882  201871  213600  220048  210763  194824  218039  188699  217347  207833  224523  223420  189444  213428  195316  191697  214166  231866  229383  236634  203396  208600  205790  197620  229697  222624  222483  219647  203343  210058  217419  207678  220230  219550  181464  201221  197679  208688  225855  205200  237812  221263  192589  212903  228583  178417  207287  210364  205030  209405  227304  196876  208851  202904  218874  190839  216952  224673  244183  198908  232018  206516  211499  225876  221365  196759  224663  244651  238757  197828  191808  216957  229302  235553  250166  198222  221833  217880  198722  227461  226354  209922  200805  211771

  253668  288191  290743  251405  260531  263326  244242  230167  274049  268534  235862  260964  271209  288619  295740  266304  264402  254316  266365  259616  239348  244442  244318  242192  279323  253703  255430  242355  232754  260953  230509  238162  265348  286166  264849  277408  225885  240537  249396  243464  277472  260765  275259  251068  239735  251007  260963  237191  247711  243537  235743  239825  235240  267869  257698  256411  276381  249796  243400  242823  258748  199756  262673  261323  235180  251168  248793  227816  248601  243520  257006  246389  263588  266776  270783  240224  265556  263296  254749  250173  255535  223706  263097  274798  272023  237400  251762  260489  255603  285115  283094  246819  266588  267041  247396  293292  264390  279339  247714  236466

  211577  256856  262698  234400  238137  246408  225185  221333  235201  234687  220955  246912  246978  255497  263847  254086  241987  215460  229001  232386  233440  213141  209674  201930  247606  226625  235450  231734  208206  233924  216419  208072  234982  254651  244218  251141  205807  231044  215000  225351  268251  250638  241149  224994  216918  221697  245105  219588  221826  231422  198255  221932  219746  233589  276863  248176  259349  248041  215481  216561  248505  187886  224415  225275  221745  236594  257161  212996  238722  221606  237314  213499  239546  233506  255429  211617  247283  233502  246234  242599  227357  214332  232856  246518  233396  217173  224278  232004  243555  257069  265895  217377  245705  246042  206211  250621  247169  234815  196512  239242

  216220  248403  281962  242473  239968  235454  220199  227941  232596  243821  224584  234704  233259  261589  285360  245909  237962  246748  229800  236536  235818  215083  215936  215717  232019  220890  235641  233494  211810  245085  192327  210406  245801  241179  244325  247712  214061  231005  219921  213778  269344  249822  230136  242391  229488  237632  253608  217045  245340  232703  201927  231509  210686  231228  251562  248547  244452  260203  212539  231757  246461  203588  229126  237369  215871  215293  251351  196506  219575  215470  250039  205228  245626  227293  242073  210082  242703  228974  218674  218881  230818  214451  237121  236626  228998  229854  232294  245583  215534  231339  255953  219497  230519  264657  199555  249652  243438  236473  211721  232326

  245210  255611  274132  264424  258007  265275  228338  230155  271906  246036  227647  255944  242202  277468  290386  250069  257941  237425  249792  244500  261868  240773  224625  219240  247746  240796  251315  255776  234004  250339  229972  235699  258487  274055  272928  275624  227931  237864  228503  245661  276310  258380  252967  253377  239639  233883  265267  227409  255568  235008  233478  244108  227726  243581  274344  242158  249404  265738  222814  241323  256473  209466  242453  245502  223611  218234  258402  215381  241745  220480  275386  225824  244959  258872  249550  249341  252707  254440  229856  260696  243199  213876  243235  258807  269246  242100  244897  243685  232746  259220  267626  232404  252849  261857  210670  264773  282351  257066  230860  237477

  230963  252442  275117  240177  252210  260634  225444  212317  260603  252862  230881  246075  250536  267390  275071  256577  259875  233368  241530  241129  229178  232829  216970  213927  239417  233433  233309  236003  223155  240765  207371  210803  235984  270945  270018  279158  235150  239067  228493  226262  265880  229866  240224  255388  228249  230787  256033  229796  236986  214144  224920  237162  209316  251626  274788  228513  246706  239167  207739  229817  235533  190375  234662  232234  217489  236364  259983  211894  217268  230921  247525  216549  231745  246660  260901  241171  266630  241658  229875  242086  239528  224517  235296  246878  248250  213437  226950  246035  239409  260917  274185  232298  243823  263461  213659  256988  225408  252851  233505  223983

  220153  253596  250345  240405  219643  249165  225155  216583  246683  243138  215380  232698  234042  248876  251834  255327  239562  217335  224571  230236  226632  210292  207459  224376  256223  216247  233873  225469  197673  241720  206898  206921  234325  246771  229591  235884  221872  232096  218727  207639  245953  227018  245481  225917  208111  224731  237030  227148  226611  230074  201333  219112  217376  249909  242086  234360  233089  245324  218446  222374  238035  180719  231041  232058  216867  226835  243327  218058  233563  219942  225924  228576  241160  218862  233476  212609  244526  219650  233211  227497  227304  204571  215696  239644  233714  219965  221210  240353  231563  259168  245794  216738  223835  241158  209114  250659  250731  225815  204125  235979

  237753  258175  279928  239196  258536  262359  237462  228505  256109  270656  243132  255603  266795  273314  280883  273196  267700  255009  245285  250270  251226  239419  236830  240236  271113  248081  262579  236611  225765  239821  211553  229938  255033  285159  272063  285964  241969  237187  248269  239216  274300  260975  267761  266726  256564  243816  269513  227682  245495  226533  219082  236141  235365  256907  270450  243555  270115  277325  240523  243581  244725  210754  252605  250365  217119  250802  281659  229443  245100  241422  263448  234957  273934  245958  262465  228787  271532  263608  241251  246318  257940  218274  252104  259193  246618  232108  250407  263542  254906  265957  272477  233447  252619  267965  236123  278478  265784  261114  237826  263316

  210422  234799  253005  241415  208353  227120  203575  225927  231980  242793  211998  237307  224114  242764  266931  238064  244286  204698  223003  233422  220903  189783  211097  205588  227736  219191  237817  219918  197751  230396  192251  195669  237594  249133  240389  242384  214396  228183  215740  229601  242061  240033  220478  222070  206648  216865  237080  205737  230424  221736  183793  227934  204545  214316  255006  214096  233437  233247  207251  209846  236832  183843  204391  208767  216472  217996  240379  193687  224916  227638  225738  189070  221768  229757  236971  213154  233688  219947  224938  220520  225330  206309  233028  238482  233954  201207  223811  230390  207706  231624  248599  201254  222065  240478  201720  246008  230871  217466  213422  224253

  217553  251673  272840  241895  225301  265581  226563  224606  256548  233237  230179  257040  247688  255949  272073  253313  260661  233948  239611  233976  242587  216999  215059  219092  234742  229223  247794  233761  213010  221903  204410  216976  233811  253764  241971  253990  225094  223888  220784  216248  251494  240029  235426  246556  219071  219845  247112  205049  225152  224384  222394  235633  220157  249547  268143  224957  245293  250543  221521  224774  234666  193709  219498  246790  210646  227461  245073  203891  222298  244440  250961  217017  233562  236676  249216  240501  254832  241720  226175  241130  242079  211431  239429  242624  259512  219004  236532  240730  230491  267444  269891  224244  246603  258768  207455  250747  241133  226687  238184  231847

  216631  243812  261340  227653  226279  244905  227395  200398  225707  230184  209011  229561  242048  253608  253650  243272  241110  217491  223608  231069  221074  217598  206340  200182  242356  209754  234501  221758  207773  237582  200616  209607  235362  269284  234824  250684  206983  218474  209748  225280  252160  227591  244529  240787  211419  216452  233016  214996  212226  210540  186770  217770  219069  229536  257854  226726  247999  232826  208919  209309  223914  187584  218035  238195  210039  206568  235071  189069  219335  208383  239479  206449  235516  227174  247514  223236  232603  237406  237090  214338  219193  202501  214092  228656  235077  215481  219625  233282  232527  241982  244106  221321  231286  233462  203732  254112  228879  245064  205820  212613

  255423  286625  288692  265805  263009  273816  234970  239041  265309  259470  238364  275444  254855  278452  306202  262667  268615  242427  250811  256424  254619  222767  255955  249392  266160  262093  271443  264415  228017  250558  228749  232184  257560  279086  265176  287678  234803  244304  256712  233316  272956  266897  272111  268199  245811  255794  254215  237593  259592  249500  226665  234340  235357  262289  263279  264189  284232  271413  239531  247397  261399  214216  251789  268880  240526  247417  264807  241529  248118  249220  263177  228210  261969  255585  265316  229291  271621  273883  246893  261425  261423  226826  273954  268219  259987  235690  256830  252969  268540  284601  284112  249198  271681  264615  261695  285930  271662  263737  245102  253569

  229993  261947  281556  251162  240614  255282  219724  219085  258029  259023  222126  261550  256069  273834  285241  265213  262032  229303  258619  256642  220861  222206  228001  219279  257723  255624  253941  231888  218447  231026  228826  221703  253328  272741  254097  259983  217769  259376  240926  233104  267579  235883  260041  260330  210710  223162  243626  247897  242987  245328  204175  236825  223224  244538  271166  224000  256375  256157  209787  231704  242912  207444  242788  247871  223237  253643  270523  235901  242448  241564  265790  243248  257177  246616  261704  222010  227349  232074  248384  237952  259726  232531  247978  254734  252802  225005  241801  245749  255576  265058  274654  239576  251664  258439  229314  264962  245667  266481  225255  260328

  244976  265124  277544  264410  245409  258919  229609  234804  257626  260163  238921  249537  248420  264827  267460  271882  263027  229556  237495  240367  234205  229209  222220  226377  264886  226928  236534  250685  221274  246380  224906  224619  252097  269155  274251  288312  232492  244660  226202  232238  267865  244773  259553  255061  227117  227589  257566  228567  246120  245132  210436  227140  225237  244208  273014  245956  260170  257550  220532  235156  261298  201130  231743  246899  226053  236936  258101  217569  224069  225876  238512  228227  254206  227173  274237  217532  259140  238155  240539  237363  238085  220121  247774  269556  254606  241664  245378  250709  248723  266586  274054  227217  235386  251674  233395  267655  251353  256827  221275  241304

  218635  255971  251420  225490  241379  248665  225843  220878  244939  238951  225240  229448  238738  250689  269084  245485  234031  229888  231371  220701  230110  217406  225197  212035  244552  213523  228285  233386  207993  237301  190175  208484  230267  275644  232079  249109  220345  227791  226181  223431  261609  230094  241621  240504  215186  217496  231415  217250  231149  213356  200439  226811  214168  233038  240731  221812  236069  237516  221424  225369  240440  201690  233725  214583  218022  240139  248647  204014  227124  229468  247376  211188  236049  230568  221232  216099  246122  235423  217024  233394  230910  206512  237226  250651  254549  212351  222217  237140  232674  249178  265866  210549  227742  255943  215569  253155  228883  244005  198523  226412

  238746  265926  274345  231228  233650  246803  223251  216059  256591  248558  215290  256946  239914  263971  267396  261913  256372  235535  217810  243525  234393  234955  230383  213301  239912  246835  246019  243374  218476  232422  211704  220618  240905  256189  260157  273069  220326  239165  218215  221998  252068  242454  240995  261330  233415  229342  251614  232749  238563  225778  223859  233776  217159  254375  263815  244599  245687  245028  220132  243222  243505  207167  241216  240892  212730  217651  257179  200894  224718  226836  254267  213307  238352  266761  260803  220721  240965  241593  229374  230563  242933  206096  238762  255887  255540  229266  241840  251949  245506  267452  257465  232577  232716  254599  239030  258118  259676  246736  229429  235575

  202242  222628  242079  217759  203006  218728  199314  186553  235816  205885  192601  212391  213813  240544  246483  218506  219563  208916  215214  205796  215263  197507  195758  201040  221922  212900  226432  196728  192507  207099  177623  195026  217633  218795  203256  225441  178835  205775  195505  198653  216988  209319  210454  210982  198121  195820  224398  182186  214915  187853  193911  198849  191919  200652  228542  203217  225166  235838  194599  207955  201805  169284  202938  207320  205559  190349  219655  187525  200364  203030  214510  201808  218527  211190  230894  207843  231975  221276  200616  202708  216007  190615  206766  220329  214083  195621  212153  200105  211209  221676  227694  202623  221609  225409  182338  233945  216757  228306  198779  207686

  244575  257759  256641  249801  237867  249137  237686  235620  263612  263822  224421  251703  251766  274592  291179  270782  271638  236988  242049  249120  232997  226076  228282  244895  260140  242013  242040  239611  223668  248665  196748  221379  250700  267025  258577  258557  232287  240345  213813  255451  260459  246775  256759  251974  227205  231481  253121  239688  240301  241001  212386  232266  235983  252966  259955  230340  254177  251412  231998  236289  243855  212606  224588  237913  204926  229527  254914  222191  238298  246137  251014  213784  256001  253703  247845  235962  247678  269683  239637  243686  242750  211115  260471  249225  254951  222937  241012  241095  229133  266817  263145  233229  236120  262388  234340  258628  253940  256066  234144  237334

  233868  258671  253988  258640  235031  255693  219008  216202  255556  255360  229262  237526  239802  248447  268298  264764  255842  236062  232394  245810  221993  220327  227206  224276  247130  231570  237076  240954  224840  254846  214550  216702  251896  254900  264532  262063  230791  243519  224447  230565  264606  240949  262667  255963  216522  227916  240871  220794  256219  246445  199656  224914  218073  242973  244901  238867  242734  249226  220297  240796  239774  209904  232589  243175  236965  236222  262712  215535  231806  227335  232501  218957  236496  235618  252225  222400  253075  231176  230555  226196  237482  220194  248772  249761  264618  214042  216464  255453  240929  255766  262705  216600  248922  270509  231456  239718  251890  242026  234475  245272

  222064  265984  283764  235952  236030  258855  218923  221127  276937  244716  242312  257659  252421  247379  286515  257751  255537  241630  234019  252631  234407  228285  229687  220672  247124  235410  243445  239048  198619  230953  205211  215178  235728  283441  253269  250750  228065  248621  227910  226965  256582  246123  238839  260797  209826  238817  245081  219985  226758  230894  209792  233437  223207  239127  258117  237224  238020  241657  215087  242699  249511  199151  239304  240866  215976  238715  263115  213121  233499  240939  240713  233560  252016  246067  257857  215888  249773  232743  225707  236293  245578  219506  249868  266576  248144  227861  224044  246831  235109  259246  290133  226390  231203  258859  228732  245484  237415  252477  220627  249757

  254987  275867  282982  246427  239407  265324  246259  230399  263784  263703  239913  276195  254019  293107  290653  275512  252029  241234  246338  257075  237803  216677  239457  229634  252618  245168  255543  246472  229712  240036  220744  219700  240668  274776  250380  276319  240141  234684  245805  235687  270675  259822  258011  258491  244463  229508  255014  238560  250001  253670  212535  238936  232995  242074  258380  251008  263067  253868  225818  247386  255944  211331  248141  246637  228310  246203  272713  236215  251247  253495  273851  241475  259438  254648  265139  230598  255873  265715  240725  241136  249045  235050  252959  239076  254251  221410  240037  258156  260586  275151  273738  244541  256700  271024  235412  276952  257203  258788  229417  250222

  238291  285073  293448  253485  255804  263765  242430  237667  288892  272793  236369  264272  272138  273944  294216  284545  279105  257449  248234  272687  251413  243382  251383  241379  273832  251778  264228  255474  231983  255618  219140  229599  273712  274318  271733  277812  250320  260166  229456  246602  280400  267579  281395  274832  240286  243148  257474  271213  248044  247143  227972  259440  245314  274813  296162  252189  272550  271980  245135  253155  262699  214266  251854  250091  231923  256332  267059  232203  247850  259046  266828  236169  271164  263862  277806  234214  266114  263014  264590  248445  267801  230684  270535  266075  261029  248131  248691  253329  248473  283570  292903  232136  273601  276067  240991  271466  263096  259114  250339  252900

  208452  232797  266300  229679  231281  248663  204650  204818  233717  225485  204016  239231  233578  242615  264672  240382  224907  206778  231905  223805  217434  186493  205752  195611  221545  221923  229439  214852  196590  215247  206503  198793  242771  237507  233128  244715  193774  219629  213707  198948  228052  244710  220578  222952  203457  227677  233394  188198  212091  221663  189104  221865  196471  202196  243508  236183  242585  243554  205961  197845  226542  184565  225183  221188  215711  218547  235649  200684  222996  213964  228843  201246  226999  221766  223112  197799  240240  223449  202558  224992  236824  231364  242003  227477  227508  214104  218004  223616  224147  231817  253891  201397  232186  243805  199495  255428  243446  213761  210008  220667

  216859  239001  270339  253637  223606  245833  220133  215472  247308  245187  228896  254123  240505  240823  272472  250587  248939  222937  238604  238820  221014  216261  219225  220319  244041  248074  230420  224000  224947  223720  211209  209732  244429  254587  247178  253598  212960  232781  213830  220770  261776  246227  237891  238922  217635  226512  241889  217913  234580  220383  216881  223687  209625  244769  258726  231418  237518  238191  216254  227610  229952  194915  218508  232117  216981  243787  259409  210488  218228  228587  227949  210117  230721  236936  247279  218933  253956  240761  225917  232780  236469  201513  256883  235553  247729  225778  236485  224243  226345  262045  257181  210216  254958  249830  217273  241599  257977  228742  228587  233164

  234746  269335  277471  257284  244682  265291  241678  231461  258924  251152  235343  247377  250870  263678  273414  288661  260699  242498  253190  238201  245500  230195  236006  221536  264672  240593  253451  238033  220168  251780  239314  227165  246570  276083  255137  264592  229824  243519  234988  227311  277504  258286  263846  239383  237950  220739  263530  237529  238276  226412  224784  239819  231903  258329  272282  255088  246309  263786  220073  233964  250502  188740  237264  253015  238375  253766  253792  225128  236960  230405  252388  226806  250980  237405  266329  236699  266155  236532  244308  223567  247775  214953  253702  239339  256819  227154  229011  254725  250303  276267  269514  236160  240535  264113  231895  275204  257258  271088  228754  246109

  237607  260334  294645  247146  246643  277496  236001  232395  247539  245095  244354  255331  252722  248711  285368  275221  263337  231954  241786  249633  239640  243217  237985  215678  267010  246338  253036  255369  217844  245035  221734  234004  265243  266916  258713  273531  228575  255394  221367  232016  274143  252681  247628  272581  247808  217012  244451  229215  247216  240659  224894  242973  240963  244135  279391  244751  250074  269324  239714  239056  254170  214175  233195  246892  232296  245238  260908  211997  255183  243612  266645  211868  259385  251218  253937  235850  268019  246127  222221  239249  256737  216695  249743  248625  260120  225061  234289  249543  246719  258044  267399  233723  244222  256392  221610  274847  271512  256128  221954  255103

  244314  287012  283040  269390  256143  261348  252679  235302  262043  271754  244812  280280  267356  285139  318299  270114  266176  257707  252958  253857  245265  235411  237837  246949  265262  249267  258322  260125  228587  265347  219726  225542  248299  292982  262021  289945  239761  260021  250213  249162  288138  266388  264596  267594  249193  255733  268475  231371  252889  251193  226275  244774  230350  270779  281634  258843  278344  283353  227454  255848  271481  222061  259972  273847  241226  252073  282122  226037  234737  244782  266214  234887  267211  254931  268163  240525  261967  262592  262117  250422  255140  239600  277605  271861  275409  243148  255123  271070  255351  272816  284590  253889  251384  292289  249397  273092  256815  273807  230598  253518

  239340  273744  294634  261695  245107  272752  238927  233929  269193  252113  229977  269459  260595  286772  303400  268548  251141  226614  258205  251109  260065  227479  233920  227252  271978  243636  268313  247863  223952  258611  238780  239437  271552  284714  265527  274399  222834  250275  250666  222989  276749  254832  251960  252967  239506  243250  260231  232875  255412  239965  211637  243854  224030  245554  282148  255548  273586  270430  225739  234108  247940  216476  259014  256172  253351  242577  264053  216103  244235  240812  259077  226280  242983  265692  259556  241506  279056  244607  240516  238785  256537  240799  265229  260114  261796  236450  255785  257303  248947  272077  283267  257479  263847  259805  219331  300736  261225  270587  227324  234943

  234229  251763  279078  243568  239401  250585  216046  230058  252216  237216  208276  260481  243264  261260  290669  263185  260292  239706  232779  234726  238868  229361  218147  208363  262082  245944  254300  229893  207427  238734  200716  222594  240922  271798  242867  267647  228608  251552  232204  225370  254425  254419  257204  252601  241215  239666  252622  216533  251506  216018  204449  247552  225905  252894  268193  246897  246151  254936  218295  223757  237275  202294  233412  236952  221080  234578  277805  218499  234879  235547  258532  216546  256805  265296  243921  237526  258532  249961  232762  249303  242812  204964  242989  248628  250072  222620  253517  251035  236986  254653  259089  218876  248606  260006  217280  260622  262212  246661  224665  238328

  248871  290477  277431  259533  247643  273236  231764  231441  271415  244190  247780  262562  262312  268909  301632  271667  277281  244210  263915  254294  243709  232967  231847  242454  270125  274956  252854  255728  237847  266196  235193  231919  260935  289002  269079  272893  228119  266292  231127  250761  278729  254027  274204  269287  217099  242372  264332  236668  249985  256809  211422  230437  226155  242657  273798  244152  252193  264805  236127  250142  262302  210312  248255  259580  245420  249392  274863  236781  251301  230733  244309  240184  263306  259608  272389  238369  278120  244318  239901  256518  260079  239939  274436  285870  261321  248139  249809  265240  257515  271288  294289  243537  262374  276411  242659  275936  262419  267588  233658  266760

  231427  264941  284086  238967  239250  257926  234546  230062  242366  236964  232240  250128  269783  275503  303135  253338  262859  240151  231397  255492  241344  223653  230241  226382  257011  257826  243302  238471  213550  250912  200658  225102  245600  272590  255254  267638  230659  252364  234274  237777  277221  271591  259212  256794  230674  245447  269074  217908  243609  236333  213003  244055  214004  254137  271376  250209  255765  258519  243404  224537  241813  206436  251312  239381  231385  236376  273969  223765  248540  229428  249714  222185  243299  260305  256669  226280  259243  257210  236300  231537  236545  225583  247636  252418  249494  236690  253192  245197  244715  260611  278258  214150  260181  276348  219697  256976  266009  255988  244254  254901

  252721  266680  292783  256394  254773  268352  222513  231154  263378  251999  243599  274842  262356  277450  294924  261064  251601  235042  242776  247543  238605  226477  239930  213305  250850  245958  258599  244192  215195  237109  214829  224623  257834  286991  256420  277688  238811  235725  250843  239432  254891  259712  248969  243142  237887  246364  252327  229694  242764  245353  212403  231409  221302  244354  267830  247240  252050  246295  228801  237040  253354  195026  240172  245254  237746  248935  274980  228432  236082  254372  250120  215495  248506  250197  250659  237542  258767  251592  238683  248687  245838  228768  247044  254854  247071  224195  245121  246669  250620  276808  282138  233254  248153  260522  213451  272514  256111  242706  237955  256092

  257093  276901  279979  272241  275617  284728  247983  236501  274285  264945  243607  269481  274301  287062  299005  286359  267885  252195  268063  259617  243915  230458  229585  247362  258128  257178  248424  268211  244971  267202  224260  248255  259936  287656  272328  291328  236628  257241  250305  246995  286257  255052  268138  269316  232935  246959  262383  236017  264415  265005  229347  239983  243965  255370  274460  259786  285111  269330  237388  262710  260141  219744  256669  260196  233534  251278  289970  246351  260718  242505  267707  248806  278407  254551  264842  231651  256793  258863  242368  242829  262716  232041  279169  256813  268142  244283  239004  259301  254897  283032  289325  246966  267920  279438  241882  283831  270726  285775  236084  274606

  271049  288937  306077  258061  271933  280681  268595  249456  276652  259646  262167  280570  268931  292432  323425  274511  287156  270372  263170  252497  269209  245857  270489  247944  272515  271533  279462  267246  229598  270472  233506  236701  278766  296882  272258  290110  239775  266073  260910  252511  293419  292000  275107  276666  265976  256688  270057  245125  261915  266973  230218  246381  251595  261083  284595  259190  273987  297084  246816  259040  291080  233069  265886  275175  252677  248996  287245  242598  255504  250702  279284  247406  278082  257542  274380  246408  281751  266572  255718  257100  271269  237497  267900  280300  266309  266118  259946  274817  271102  292043  308441  259527  264792  271823  240420  287433  277955  275341  228497  274557

  213551  225892  247229  230959  217135  232165  214794  203232  214393  213980  195054  222863  209883  232149  258362  217390  234176  204446  210461  209215  202719  191965  184876  192286  207103  220823  222008  225460  186722  226157  194587  190818  214267  226571  222916  241212  191772  214997  202338  202217  234089  217437  228970  224337  183139  201108  211668  194083  212343  219146  178733  195922  185285  218760  234385  196185  219615  225260  194363  203863  224072  182084  210332  216150  196703  208132  225984  200352  199708  202575  218526  192250  210838  230714  225669  201050  210254  218987  208843  201431  200789  197295  217500  217592  208596  204524  213029  205528  227749  243144  240670  214082  220651  231144  196692  228542  226640  213073  198607  221290

  217625  242056  255406  238901  218686  244303  216927  200887  238814  240589  212439  240433  229938  248831  256944  249845  242982  230195  232285  237830  216579  222024  226767  210899  240745  220714  238663  232983  217056  227781  203752  210828  242467  252109  232667  256997  213270  242958  214431  212050  259651  225414  236911  250283  214439  217557  246807  214565  232357  210451  204681  218047  214378  232028  251747  225693  252434  248920  212570  221264  229956  196939  242260  253876  198066  226161  245040  207568  232829  203908  238922  228284  247317  238123  245235  218566  242330  240627  224138  205933  232569  211689  243029  242057  240742  215774  236678  242959  231117  240948  249509  226434  239198  239539  208761  258262  248446  241840  217697  223638

  221823  244669  245952  242253  215791  234423  218941  217940  237201  227256  219398  246095  241235  254572  266176  241813  254589  216802  209050  220519  220832  208276  189609  217885  240830  232179  243349  227287  203691  228642  207671  205469  230117  237901  237592  243271  197263  223122  205108  218173  230833  231817  234601  235208  212114  204101  234909  214744  226019  228259  201081  222832  208410  236853  247751  211051  221016  245180  203807  217677  237936  195327  213964  221205  203028  229494  247804  210055  216060  231001  241432  210306  224287  227743  243861  219094  220613  219512  228621  220526  232086  198959  218746  234906  244557  218319  223512  225732  234151  245266  246351  213242  225838  255273  194852  255375  235866  222249  211208  243685

  241211  242759  265687  237042  226783  239979  212618  212699  268205  245889  198942  251064  235892  257766  265275  246429  238817  233915  226221  222699  236219  220052  226922  224440  248514  239124  246154  230267  216481  227804  214594  196808  245667  249119  246982  263635  211994  238984  230856  220304  259022  245065  242914  240375  210072  218081  236852  221645  238497  220950  204328  238472  213758  231127  273206  247269  253255  243595  208357  239642  250391  203622  235541  222840  227156  224468  252529  199759  236955  223495  243130  229823  234333  243442  251480  216393  233934  232406  230542  225242  238605  218785  238199  232309  247132  219085  221613  238862  236896  251953  271539  219400  247090  252149  204223  254083  240307  242656  207798  229903

  271223  296457  287193  266667  259159  279128  236271  251652  271742  283233  249844  275551  279639  295961  311524  263407  271708  255542  256947  266404  254997  237914  258610  238692  275835  247210  244916  260870  239963  271377  222537  233261  278031  300006  269259  303409  256495  256308  262877  269428  296163  275661  274131  278922  243458  256919  250950  257739  262298  274357  220828  235883  243232  259674  278970  251043  282665  269803  253356  251596  264294  226369  254194  250708  236791  252866  263614  252003  254324  255381  288492  231366  272080  265723  275230  239025  266554  279219  261748  259549  262102  250512  269048  269904  279394  240185  250002  274286  267808  292615  300241  244579  253217  277153  248947  301832  275031  280435  231883  268485

  241971  274655  300106  242454  254356  253646  236501  230738  261581  259451  242991  257949  258771  276410  292984  273829  259097  248126  244119  258703  234141  223539  237811  226026  264886  249558  253292  243165  215960  253874  204513  220210  243580  279958  264665  286613  231067  249380  249385  236292  271486  259560  261416  259295  225667  239520  256284  240766  256820  250509  223210  246989  220557  261511  273048  247506  260044  255385  232316  243392  266546  210930  250267  249747  243876  245073  277712  226005  244958  247008  261501  244378  259356  259261  272463  218996  267042  259270  236814  239952  251333  243696  274241  270928  253988  234223  250004  255268  252223  262521  296912  237710  263834  278928  243261  274890  253485  267867  245089  255687

  272746  270761  302537  288022  265906  283658  236989  255931  270572  260765  248583  287293  269609  298743  318161  276915  279980  264609  267481  269683  274024  248721  271001  235992  280333  270387  260860  257737  240779  266533  212349  238617  275726  287855  271524  305276  246467  258661  255873  244830  287665  291431  279293  277073  249513  250855  284788  239117  262447  250644  241672  242922  238366  249856  300717  266039  271094  277398  249215  244358  265966  241202  246292  257699  251198  241668  286786  230725  250015  271872  264449  230226  266466  276670  268742  248104  293125  284565  257247  258224  261345  238457  265818  257207  264342  243030  269660  260927  253030  293725  300614  250045  277035  287065  248114  286051  270377  282810  257215  246135

  258075  296942  295383  255252  248200  249935  245353  255058  279177  282827  250978  268869  256692  286211  316432  284994  273225  258892  260396  254909  257362  236702  248958  232215  278533  264674  252890  257510  223124  254893  213191  239383  277873  296853  258887  282138  246732  260869  239531  249912  289157  266968  275338  284280  251406  239100  270985  260523  252215  249155  229750  257630  246855  268700  303472  282393  286289  269065  251615  245079  268826  203044  266942  258118  238623  241161  292180  236267  261195  255245  278146  241985  276393  282424  263253  242045  272116  277558  266733  259934  260842  228825  273637  271578  266955  248356  255678  266460  244302  275779  295946  231488  273525  274225  249192  273163  263873  279864  247186  241985

  226751  244519  264280  228117  219338  233304  200167  212484  248526  231031  211696  227527  226727  243926  257601  256242  236389  225943  223441  234229  227878  201998  227444  208681  230110  223688  232710  207688  197355  222496  183596  202416  225337  248109  218112  244414  210477  222371  218905  214239  235138  234197  226644  227853  206448  208825  235645  214899  239092  219701  200431  209352  205806  230490  228326  228241  229046  227465  205712  220867  234659  183762  207426  218311  224584  225431  245516  201400  218672  230373  234870  211708  228488  235124  235759  204404  235200  223896  212289  218586  226016  201199  229449  241398  234607  207830  240432  234995  216060  246622  258163  209993  230493  236331  211813  244312  234469  237348  232078  217522

  235578  285072  309196  273816  269915  275756  247132  240264  285146  274956  239656  276987  284125  287028  305902  283815  285793  265220  258321  273209  246855  244025  243273  235873  286489  260975  260653  253650  245700  265724  235786  237216  267207  292746  272901  284938  245722  270399  256033  254863  299479  274415  275741  272224  252496  263172  285272  253025  260059  250373  235733  263810  247225  254970  287732  260023  279806  278042  248033  246111  255843  207857  243203  257275  249698  265092  282920  235007  270437  265072  281716  246298  251986  262158  272961  267063  268904  274314  260678  276298  272262  235391  262563  270853  285857  232188  257040  265336  254983  298749  299885  241756  270096  288216  219942  285555  276002  271905  255563  260527

  243467  266029  275944  270412  231795  290130  231729  233854  278829  265206  219830  263114  260686  285206  285565  282331  272241  247485  259398  270441  252547  230138  242555  248271  256472  240500  251951  251896  249619  256874  204789  231142  263112  286586  254763  267124  261163  261762  228459  248679  275855  253673  263382  261956  224317  242496  267401  251146  260911  243838  223969  244512  237785  263152  288221  245703  258687  256707  240970  256793  257818  220721  249122  263730  217976  232442  255486  229275  253557  245504  259839  239854  251616  258041  269132  239253  259055  262624  261094  239891  252366  226186  247209  271288  261562  237109  266054  275212  246721  285983  279968  248607  270701  270893  234947  282007  254078  245364  242815  254026

  233292  275793  266709  258389  238278  255347  234815  226741  264908  264365  233289  253355  264822  271523  282765  277186  267235  236923  251244  244231  254627  213517  223986  238524  277307  246752  237488  256705  233493  247510  218650  229602  255287  286399  277049  265003  236772  255268  227889  246799  274819  245233  261184  263473  235040  231242  257024  246643  231645  240740  209783  231290  234304  254759  279606  247971  264127  266011  239322  243032  239492  203161  244609  254825  218565  238216  268848  238496  245209  231449  248682  234534  259182  244178  273913  217852  247525  238441  247762  248669  242690  220521  264536  253273  252622  231178  243608  247482  244200  263892  278902  236296  242248  264554  249473  266806  257445  271291  234946  246098

  226262  239566  270886  235390  226244  252503  206481  214040  245302  225427  210816  237785  229394  249211  268258  252820  245504  232162  226348  231317  219826  214839  227139  207168  241640  212276  228705  234605  201872  229939  189126  215632  230719  253059  232263  251490  206070  232085  216813  207892  257678  236695  232795  235913  224362  221923  234395  219863  232961  217985  214515  218466  215031  238431  251116  215041  247455  240677  213536  218620  248459  191845  202837  217357  209054  204624  239971  204666  223406  228996  251546  194147  233007  227960  242185  221821  239472  238938  212349  220170  231132  200600  218435  236302  232694  217669  226101  222461  222548  254152  244807  209197  238520  233854  203760  264033  241669  236684  216011  219979

  245431  264024  279707  258641  251349  270917  245698  231281  279221  266634  226671  261930  258533  288720  289915  261018  257194  256043  249602  249820  243969  239203  239060  239593  263264  255871  262864  259632  241845  254297  220714  235389  247934  276607  264816  276056  241753  251756  236007  253631  276161  241972  259385  256875  237418  250618  255449  241137  244475  232900  241253  243188  229809  265060  281834  255430  277904  262268  242599  247761  241116  209217  241795  256031  226168  240785  271481  238515  240522  240836  266873  212050  255414  254181  269999  250479  252646  273746  252054  254855  262549  215089  267907  253614  271105  228126  244567  253016  265009  298825  275715  251371  251838  276392  238248  274039  270265  251636  239552  259932

  224881  252032  263069  257199  235632  263867  209646  209780  250307  241300  236779  243768  252246  268682  275400  262873  258421  249265  230766  225216  224806  220124  225590  202068  243532  232906  226971  245199  223178  232197  211158  216859  246968  281372  254574  259735  230606  239821  232731  229628  259183  238361  248884  247052  225075  220091  246845  230044  233031  246046  195047  213681  221534  257295  251607  229137  257677  241998  233809  240513  252949  198011  244015  231936  213806  239248  264492  216346  235220  235954  257189  218879  242496  243011  258761  221160  236539  229928  231198  214388  245975  212858  247055  245215  243201  209258  216559  245773  251642  263884  271853  224015  246076  267204  226164  252886  230753  262313  227221  262598

  262730  294407  300681  276519  270204  292163  248476  248155  293699  271981  257959  277208  287305  293659  313926  293338  277939  271223  255700  273796  271334  266003  271462  265234  282178  274489  266769  278625  255628  268078  233581  247116  270024  304553  275066  294788  261363  286737  258539  259417  311456  273040  277850  283792  246568  261924  294027  246495  273476  254930  239638  258534  244897  277599  295566  274178  281749  283513  241083  259759  284555  248695  280383  282500  245586  278149  280597  244984  277444  250413  269860  255367  268158  274867  295234  249898  291425  266101  264703  262303  267812  241196  268421  297518  290025  270956  281374  284889  269211  290664  301750  256099  278786  283473  241474  293005  292625  277822  251880  263512

